814733622
872251682
1210644952
2049636586
456919375
42413953
2034220914
1211241358
1336013993
298167319
1218781982
1369746388
302847276
417924342
1782890304
1198012737
193396487
1271999098
289134201
1870506693
592880818
223786046
928209225
1091232767
838769589
1117823415
1071191949
1167674042
1392057608
1625367238
1555179226
873783745
1190224029
285083598
364015129
1968846447
1974201753
1786516521
2014299740
1403518872
981303056
86053232
1040175793
1717666371
196030776
449337734
1466792486
1416528289
587242581
2098700902
447157939
1338199920
529820409
1224413601
1531086453
1820957217
1038492722
1347579485
1405863133
1726592037
2033327595
1229614454
894993297
1176879091
1482493567
1164108075
1588392355
741094628
172260196
369158016
358518729
1932648468
1332640801
1586987844
757798368
1739144266
397759345
24718304
976191457
74754719
124628738
838643741
1150179726
1570348235
268764015
958690464
140825007
318913655
2010100320
1690827283
83044630
2014209507
2034456488
875566282
1084552330
229814574
1317947912
1604221826
499041497
1466798544
1518345095
277834364
932707170
1526266737
272885344
1506390263
1216435758
591465266
54923699
1832124530
1896445024
599229594
1700965575
826110161
951698072
731293248
796707355
699976440
588608814
1438658816
1020338939
1179626478
413186642
1613261343
2102348426
1621551691
1851790207
1704996725
2005655154
2142849966
1578618372
1826003166
2093895332
1284321535
1233902748
2101390204
549100066
987578103
324069458
616851814
1524873829
484600705
1426059511
1864700857
1798442928
597959371
1827164084
130607688
395124982
846135950
370201216
711711953
258880281
199013945
1195335236
289793767
70930573
276716326
1469195327
998887683
1425619582
913265095
1180826556
1255544765
766549933
650325578
1477709863
221289886
1924921045
306861260
1308960373
874509143
497086333
818611901
1629977425
1729180843
446233450
832698826
18241083
1635204107
1527195690
853412886
267096689
853229793
1484819932
1608618984
1387632005
258701615
1491141777
485685549
331679796
1822267407
1584019582
262342815
411764414
1332195464
544659826
1522392068
1723316518
668770937
103729761
1776855410
701280688
1034268480
1217704542
441081484
142952144
1709966862
1786885480
1772942712
1512558459
1806090874
287968973
1613872520
1636982030
1343976493
979918705
441586092
33964212
1753344629
692575469
754540743
675332066
854958867
480595592
684118377
350116201
297797427
1444458079
1851788065
1668996131
386576603
1054934446
658244290
1423516333
2071181151
1779170634
958544810
1987785523
308188682
2144105457
1204819139
771961610
1410067743
1526511956
99313783
571957162
747217762
4558278
1449050701
1730574727
250921721
1730965786
380999393
1808046444
942979258
223074346
1851569207
138133372
177760797
475962202
120143939
624554593
2136461662
1584575394
1013940511
1015429432
269920915
1075355941
284927235
2030989482
587654909
438763010
1978548919
1834891485
1156017475
901147916
1538345568
1418335143
890266701
1193875058
1518385885
963391894
1848347725
1829260220
1000627088
595028359
1957769281
483866433
1970051889
759228977
13585965
706047173
1687686936
990323776
1373438982
87248871
1807927643
1093774498
607969566
417303336
2083060697
1722721085
1398746741
232992278
1038527865
1938227886
616638659
89861391
619394696
1313418663
643061528
1797389392
71048995
119551233
1400363086
1629098929
1996684100
1690200678
289112630
1507962896
1877874825
2022507463
1911765925
399575061
476686058
1548573496
1520429279
946976500
832727583
501559982
845302999
1403179288
1716365709
1958124659
14253538
1188528349
1850560896
371319571
180551615
136600094
177761215
482987528
83197436
287452655
1526050482
933254853
2141240330
295269884
1913715818
959172007
1791667267
536058235
836856480
1176455157
799885770
432506170
2046537742
2061739442
2006157349
1993306743
761536401
139755487
1670843838
1376217094
1681820668
1180205262
1550874742
1542765155
536406207
242770943
32309701
1863265663
1299457487
73294019
1344447602
307913080
1807029937
1038415285
46095826
1638434662
2136042400
980489901
1451742676
1877441965
1189880384
951893024
1860367865
1988290382
203419307
74326725
1521268168
13798394
2128857729
486808636
2027533829
490553407
541390616
263870773
322350756
1795398358
967478909
1819332126
1642875696
1614573193
528291259
1293793315
1512319330
2082017065
1362267237
1302291592
461456520
1136282323
2072413537
1017045666
1664161989
743530595
311368272
1896383412
1711200357
1043399475
63514923
195938302
1042610863
1841698568
1746028165
131332900
1846344831
378875467
470960514
1956119603
675015698
1980212832
1882989865
2091638863
2014552698
1360016684
2131952967
968866174
1512774864
1148242415
1222216963
1119413586
2027392182
257375925
685106417
1923718952
1578120679
2051211503
1156745630
254347119
1319571503
974628352
1720936395
1468232969
2004405953
474881582
1285516422
1989015734
1656992136
498895456
1159771104
1711364756
1658969821
1525592546
1826659089
233091311
555491849
1040092634
320013058
1160413718
1774360019
1710917091
577515107
1817802556
1705196470
1067802075
28636546
258091694
1977617765
1217371736
1290061983
1076848169
1742483114
679202859
1486867408
1660809764
237259842
1896515662
1786442460
769556513
1789791757
1226616370
2045803037
450970742
995470531
1975604387
1738266042
669834106
792541968
1559277482
1033695633
179799601
382402678
1770737322
953790728
1542824288
1530254538
723863694
482244803
485120243
1568000089
1605663486
1106701000
967840333
1451334353
1457208245
1395463327
883228002
1006061550
1737718019
49146133
1365336883
1354224386
1417564596
824585154
1090709187
628895117
2073204532
1426396749
1090208982
811884270
227832852
223400963
898570185
1164093591
1344959767
325935647
1917119279
179082565
1216080508
1063229457
486057112
134088196
909964469
1541780196
1162069470
1685296472
1615984621
627841538
1545571455
457250073
1305487945
495470216
1573820893
651668552
426753764
2002614215
425912074
741232267
338075222
1936009839
1992628376
97640467
365822561
134101366
1131312659
151649275
1853759583
444560805
637841722
2114939477
638464795
1849509153
2022027793
292403176
977594696
36672475
26480636
530934323
618613376
1066675305
418365979
615548775
1099533826
768231147
989201865
1844833628
749890410
1974080274
1892302615
1844721882
1019259035
209549126
18979602
1162591058
1861691400
610623010
2064063704
267839490
452584318
197554952
296360002
907976221
337550765
1711395628
30351878
1170389207
1928679176
1192743214
1822836600
413028098
1096095982
970445508
139353991
1365351507
1600009954
577069144
764953356
1733943350
1032793660
52724919
1384451069
483801438
877680924
118118425
941479147
780512533
1244026255
448480593
2093209228
490389842
2087320955
310433293
1214576888
1561691881
810310333
1691961104
1959305001
524908709
277850287
1200325031
401416099
1354240666
1691182556
1759150647
1637555880
251255208
893430854
686703354
846151700
634911466
110767119
1942130731
1787245164
1375700759
1593712911
2116849793
532891102
1293943324
1886036946
1764321702
500647738
545603620
204868650
811114409
173680907
624727676
750500349
1487906812
1950203616
29269951
166311294
1317693511
1623471513
1905983856
2004589140
1406221844
1312996873
2143971586
1102332889
567442754
35490151
1629997638
2068900734
2106907761
940883744
1510992547
1257611654
1145015004
666211461
36289569
33430435
1372089178
1023413160
1308451297
908403399
1074680470
1817188020
2114108153
1698787856
732408927
220571485
588173673
567694970
2127000816
1489926550
1536201830
1895752576
1846157940
1532765724
2127177503
164537665
1573081966
1117424345
806473400
1629137583
498858231
534130529
650156443
782541565
986228727
1267427143
757697808
49032346
1600402421
730811072
1282709911
2064625591
1121539711
1253953058
1932017795
1470337925
875179446
1025450619
1192286358
586908749
782953772
1471740835
831567699
334742417
1756131026
278909614
1824564744
1540656895
1610102386
549365655
1156365132
301768174
1608809851
300566380
737610916
1751054728
860915008
1801209617
2000544807
5110170
2134764957
985341870
1394407073
310636200
329867543
1428502294
2118365445
236650502
245272870
1280007497
1742310080
2065987715
392437662
777505297
93534684
79404384
962137101
86394597
335046407
422840015
648744182
668991055
1655769340
1422199554
1414912968
1355829945
484907298
136517121
930717651
300675609
425939072
1194987653
890417227
1576281893
1211506259
1493237806
1353906600
371502588
1109034687
1535412096
1507595120
2139114534
1074238511
831634048
1449870060
469155911
1690928040
1776467529
624615662
1015364698
1329420224
1145841380
1670211011
1477711940
256198025
215493940
1149220738
485022448
2071843171
20838892
199423383
1634308761
1511500997
1213196216
1979057694
1795938322
1452719269
1111171340
938917068
669323720
804419054
1461482713
222003005
1025410196
512896997
260469521
1139566861
1441068881
724112101
362253958
286132861
819109194
1398046288
1345380589
956240060
1906557919
915447746
1357419914
1437712517
148277175
1013449705
1356387578
1267110541
1879018935
1924211410
1264927697
1699181826
911411776
96865181
220492641
1410526212
642065851
95431582
1895798012
462317145
568421169
1447325527
652862720
1169782517
321974934
1921408945
1408538676
1597286651
2051155857
221503308
1216937305
431031107
877474018
935616577
1032546305
190396728
247173466
1011069764
11424837
891190876
1694098754
1379566552
2141586452
1817575044
28885933
154571709
1578983940
1527653601
2107072122
1555815424
828945296
1357171783
1562342094
1001021989
789678525
678031215
1122399523
672427813
1435302577
446604888
633006351
303754019
625168414
1715532974
847249396
1904018962
1192870387
1812749564
531422159
227738440
784102126
1444773690
713811201
1181203065
1141080587
1112457999
1088958411
1268373943
1638179879
1388166
1856069492
612495722
1326479583
1114611974
783594237
1498617855
1582076969
1972584476
374745746
1929700018
1170165532
316857098
1805285173
1778937795
1340187031
1714940281
1623276380
773867172
1224593572
260891756
1793619565
1136076016
752495435
659578862
231347820
1317409670
1147923120
150793192
350474484
2024492514
914779730
867493237
692354776
1340320786
1815476919
1272921057
752113585
684276853
866138686
1548736236
2108116812
1934051078
1283986954
2053050822
2005409005
153307370
1804074837
764173466
1511234002
1020778545
2125633579
2133094408
825712238
706257152
921836695
1362303407
1910200782
2011504071
1661350223
730819667
1427166076
1135385989
2040113528
1464157094
73167885
1371997111
1623526738
686666784
231519710
2058881253
1213215060
148285155
1147569565
651045248
688301671
1939261755
813005766
1896946948
