1388166
4558278
5110170
11424837
13585965
13798394
14253538
18241083
18979602
20838892
24718304
26480636
28636546
28885933
29269951
30351878
32309701
33430435
33964212
35490151
36289569
36672475
42413953
46095826
49032346
49146133
52724919
54923699
63514923
70930573
71048995
73167885
73294019
74326725
74754719
79404384
83044630
83197436
86053232
86394597
87248871
89861391
93534684
95431582
96865181
97640467
99313783
103729761
110767119
118118425
119551233
120143939
124628738
130607688
131332900
134088196
134101366
136517121
136600094
138133372
139353991
139755487
140825007
142952144
148277175
148285155
150793192
151649275
153307370
154571709
164537665
166311294
172260196
173680907
177760797
177761215
179082565
179799601
180551615
190396728
193396487
195938302
196030776
197554952
199013945
199423383
203419307
204868650
209549126
215493940
220492641
220571485
221289886
221503308
222003005
223074346
223400963
223786046
227738440
227832852
229814574
231347820
231519710
232992278
233091311
236650502
237259842
242770943
245272870
247173466
250921721
251255208
254347119
256198025
257375925
258091694
258701615
258880281
260469521
260891756
262342815
263870773
267096689
267839490
268764015
269920915
272885344
276716326
277834364
277850287
278909614
284927235
285083598
286132861
287452655
287968973
289112630
289134201
289793767
292403176
295269884
296360002
297797427
298167319
300566380
300675609
301768174
302847276
303754019
306861260
307913080
308188682
310433293
310636200
311368272
316857098
318913655
320013058
321974934
322350756
324069458
325935647
329867543
331679796
334742417
335046407
337550765
338075222
350116201
350474484
358518729
362253958
364015129
365822561
369158016
370201216
371319571
371502588
374745746
378875467
380999393
382402678
386576603
392437662
395124982
397759345
399575061
401416099
411764414
413028098
413186642
417303336
417924342
418365979
422840015
425912074
425939072
426753764
431031107
432506170
438763010
441081484
441586092
444560805
446233450
446604888
447157939
448480593
449337734
450970742
452584318
456919375
457250073
461456520
462317145
469155911
470960514
474881582
475962202
476686058
480595592
482244803
482987528
483801438
483866433
484600705
484907298
485022448
485120243
485685549
486057112
486808636
490389842
490553407
495470216
497086333
498858231
498895456
499041497
500647738
501559982
512896997
524908709
528291259
529820409
530934323
531422159
532891102
534130529
536058235
536406207
541390616
544659826
545603620
549100066
549365655
555491849
567442754
567694970
568421169
571957162
577069144
577515107
586908749
587242581
587654909
588173673
588608814
591465266
592880818
595028359
597959371
599229594
607969566
610623010
612495722
615548775
616638659
616851814
618613376
619394696
624554593
624615662
624727676
625168414
627841538
628895117
633006351
634911466
637841722
638464795
642065851
643061528
648744182
650156443
650325578
651045248
651668552
652862720
658244290
659578862
666211461
668770937
668991055
669323720
669834106
672427813
675015698
675332066
678031215
679202859
684118377
684276853
685106417
686666784
686703354
688301671
692354776
692575469
699976440
701280688
706047173
706257152
711711953
713811201
723863694
724112101
730811072
730819667
731293248
732408927
737610916
741094628
741232267
743530595
747217762
749890410
750500349
752113585
752495435
754540743
757697808
757798368
759228977
761536401
764173466
764953356
766549933
768231147
769556513
771961610
773867172
777505297
780512533
782541565
782953772
783594237
784102126
789678525
792541968
796707355
799885770
804419054
806473400
810310333
811114409
811884270
813005766
814733622
818611901
819109194
824585154
825712238
826110161
828945296
831567699
831634048
832698826
832727583
836856480
838643741
838769589
845302999
846135950
846151700
847249396
853229793
853412886
854958867
860915008
866138686
867493237
872251682
873783745
874509143
875179446
875566282
877474018
877680924
883228002
890266701
890417227
891190876
893430854
894993297
898570185
901147916
907976221
908403399
909964469
911411776
913265095
914779730
915447746
921836695
928209225
930717651
932707170
933254853
935616577
938917068
940883744
941479147
942979258
946976500
951698072
951893024
953790728
956240060
958544810
958690464
959172007
962137101
963391894
967478909
967840333
968866174
970445508
974628352
976191457
977594696
979918705
980489901
981303056
985341870
986228727
987578103
989201865
990323776
995470531
998887683
1000627088
1001021989
1006061550
1011069764
1013449705
1013940511
1015364698
1015429432
1017045666
1019259035
1020338939
1020778545
1023413160
1025410196
1025450619
1032546305
1032793660
1033695633
1034268480
1038415285
1038492722
1038527865
1040092634
1040175793
1042610863
1043399475
1054934446
1063229457
1066675305
1067802075
1071191949
1074238511
1074680470
1075355941
1076848169
1084552330
1088958411
1090208982
1090709187
1091232767
1093774498
1096095982
1099533826
1102332889
1106701000
1109034687
1111171340
1112457999
1114611974
1117424345
1117823415
1119413586
1121539711
1122399523
1131312659
1135385989
1136076016
1136282323
1139566861
1141080587
1145015004
1145841380
1147569565
1147923120
1148242415
1149220738
1150179726
1156017475
1156365132
1156745630
1159771104
1160413718
1162069470
1162591058
1164093591
1164108075
1167674042
1169782517
1170165532
1170389207
1176455157
1176879091
1179626478
1180205262
1180826556
1181203065
1188528349
1189880384
1190224029
1192286358
1192743214
1192870387
1193875058
1194987653
1195335236
1198012737
1200325031
1204819139
1210644952
1211241358
1211506259
1213196216
1213215060
1214576888
1216080508
1216435758
1216937305
1217371736
1217704542
1218781982
1222216963
1224413601
1224593572
1226616370
1229614454
1233902748
1244026255
1253953058
1255544765
1257611654
1264927697
1267110541
1267427143
1268373943
1271999098
1272921057
1280007497
1282709911
1283986954
1284321535
1285516422
1290061983
1293793315
1293943324
1299457487
1302291592
1305487945
1308451297
1308960373
1312996873
1313418663
1317409670
1317693511
1317947912
1319571503
1326479583
1329420224
1332195464
1332640801
1336013993
1338199920
1340187031
1340320786
1343976493
1344447602
1344959767
1345380589
1347579485
1353906600
1354224386
1354240666
1355829945
1356387578
1357171783
1357419914
1360016684
1362267237
1362303407
1365336883
1365351507
1369746388
1371997111
1372089178
1373438982
1375700759
1376217094
1379566552
1384451069
1387632005
1392057608
1394407073
1395463327
1398046288
1398746741
1400363086
1403179288
1403518872
1405863133
1406221844
1408538676
1410067743
1410526212
1414912968
1416528289
1417564596
1418335143
1422199554
1423516333
1425619582
1426059511
1426396749
1427166076
1428502294
1435302577
1437712517
1438658816
1441068881
1444458079
1444773690
1447325527
1449050701
1449870060
1451334353
1451742676
1452719269
1457208245
1461482713
1464157094
1466792486
1466798544
1468232969
1469195327
1470337925
1471740835
1477709863
1477711940
1482493567
1484819932
1486867408
1487906812
1489926550
1491141777
1493237806
1498617855
1506390263
1507595120
1507962896
1510992547
1511234002
1511500997
1512319330
1512558459
1512774864
1518345095
1518385885
1520429279
1521268168
1522392068
1524873829
1525592546
1526050482
1526266737
1526511956
1527195690
1527653601
1530254538
1531086453
1532765724
1535412096
1536201830
1538345568
1540656895
1541780196
1542765155
1542824288
1545571455
1548573496
1548736236
1550874742
1555179226
1555815424
1559277482
1561691881
1562342094
1568000089
1570348235
1573081966
1573820893
1576281893
1578120679
1578618372
1578983940
1582076969
1584019582
1584575394
1586987844
1588392355
1593712911
1597286651
1600009954
1600402421
1604221826
1605663486
1608618984
1608809851
1610102386
1613261343
1613872520
1614573193
1615984621
1621551691
1623276380
1623471513
1623526738
1625367238
1629098929
1629137583
1629977425
1629997638
1634308761
1635204107
1636982030
1637555880
1638179879
1638434662
1642875696
1655769340
1656992136
1658969821
1660809764
1661350223
1664161989
1668996131
1670211011
1670843838
1681820668
1685296472
1687686936
1690200678
1690827283
1690928040
1691182556
1691961104
1694098754
1698787856
1699181826
1700965575
1704996725
1705196470
1709966862
1710917091
1711200357
1711364756
1711395628
1714940281
1715532974
1716365709
1717666371
1720936395
1722721085
1723316518
1726592037
1729180843
1730574727
1730965786
1733943350
1737718019
1738266042
1739144266
1742310080
1742483114
1746028165
1751054728
1753344629
1756131026
1759150647
1764321702
1770737322
1772942712
1774360019
1776467529
1776855410
1778937795
1779170634
1782890304
1786442460
1786516521
1786885480
1787245164
1789791757
1791667267
1793619565
1795398358
1795938322
1797389392
1798442928
1801209617
1804074837
1805285173
1806090874
1807029937
1807927643
1808046444
1812749564
1815476919
1817188020
1817575044
1817802556
1819332126
1820957217
1822267407
1822836600
1824564744
1826003166
1826659089
1827164084
1829260220
1832124530
1834891485
1841698568
1844721882
1844833628
1846157940
1846344831
1848347725
1849509153
1850560896
1851569207
1851788065
1851790207
1853759583
1856069492
1860367865
1861691400
1863265663
1864700857
1870506693
1877441965
1877874825
1879018935
1882989865
1886036946
1892302615
1895752576
1895798012
1896383412
1896445024
1896515662
1896946948
1904018962
1905983856
1906557919
1910200782
1911765925
1913715818
1917119279
1921408945
1923718952
1924211410
1924921045
1928679176
1929700018
1932017795
1932648468
1934051078
1936009839
1938227886
1939261755
1942130731
1950203616
1956119603
1957769281
1958124659
1959305001
1968846447
1970051889
1972584476
1974080274
1974201753
1975604387
1977617765
1978548919
1979057694
1980212832
1987785523
1988290382
1989015734
1992628376
1993306743
1996684100
2000544807
2002614215
2004405953
2004589140
2005409005
2005655154
2006157349
2010100320
2011504071
2014209507
2014299740
2014552698
2022027793
2022507463
2024492514
2027392182
2027533829
2030989482
2033327595
2034220914
2034456488
2040113528
2045803037
2046537742
2049636586
2051155857
2051211503
2053050822
2058881253
2061739442
2064063704
2064625591
2065987715
2068900734
2071181151
2071843171
2072413537
2073204532
2082017065
2083060697
2087320955
2091638863
2093209228
2093895332
2098700902
2101390204
2102348426
2106907761
2107072122
2108116812
2114108153
2114939477
2116849793
2118365445
2125633579
2127000816
2127177503
2128857729
2131952967
2133094408
2134764957
2136042400
2136461662
2139114534
2141240330
2141586452
2142849966
2143971586
2144105457
