650041829
1003707714
831502013
1378241462
1345635292
942066087
2055278525
791707680
422300948
178579701
1354379848
1882930783
1098647689
907312117
2060856719
55133770
1067820533
338860152
95942820
1898240490
710855598
898507325
107605571
345601023
1720612073
312320409
719080795
1700439896
580957796
1697018110
1053058963
1349256214
1669360025
60092120
650946750
1180329432
1490316285
1644027034
1637758136
1503088153
1552447810
64031620
290130193
1430275061
1848489356
2062168790
632274597
890066423
2122770006
1249663231
699855757
707773280
633596227
1627865363
591493161
523754964
214210895
1059919893
696789786
717606211
539426725
1616493088
583711819
739242437
1254740764
138607008
1695710108
544305819
2015047360
1083866330
1585114456
1484020957
1065148041
519443695
769156810
1514434377
1122389995
512290717
808139796
1718967744
593370317
2008344798
103056440
1197767598
368312608
1182132002
1721339217
1796011382
533155042
1435015610
2066001460
623449877
749369026
1801113974
393072906
716632970
1362034414
1684202725
413247968
496483778
1428888251
15210156
86537899
596039474
1771709910
120208068
1702370696
819658691
2043507779
529275182
650718000
1630695476
912562118
103310352
1170299288
417410543
1737405099
1232350634
1784813970
1316812494
1848604323
1846935512
1716516446
196594124
1327592982
500156144
873317850
1949861352
719289844
918959145
243960791
702732214
1807745845
185779159
2096586222
1412953178
629894120
1683578777
663972167
1055180957
506387373
374884950
2121817999
281667111
925176589
1661327043
341233407
1328533959
1282771054
944772345
294716497
1202875097
310702421
1442843890
491917306
1989604639
817300236
1059660240
627769109
328257252
134145221
1868383644
1418018274
2007100359
662606637
1727038364
944810896
942643154
1016625359
1042513181
199957194
2016135650
47403537
2142296969
874332381
1821214693
1070924560
968634413
1912535031
441037721
1554911050
661517007
593496130
1975400242
454684674
1138499892
688390074
1277567329
1532595797
1418698061
547378586
2119434801
1029447618
1797855494
1462374368
175663061
1726535249
1078891679
1728017332
218456896
1555498349
1942316712
618060537
365044820
2094993908
420735544
1786122084
1827448022
607786360
1633127388
983517809
802184904
419345662
2048695427
1818729238
100071668
424828475
1856536697
2022359216
1567662243
222453058
2147000026
461716441
1209807276
855717936
353366393
1236683196
1587739506
506079720
1646611920
2132264198
1904758297
733971850
718814582
1521165299
432362758
1783695905
1852846862
136844487
2137790719
299716276
1482298517
33386372
631522337
1131734485
798827916
1980506815
381511205
1820136140
123553465
2093883253
1081309782
1566885160
46920959
474059464
353081078
736361285
75859334
1510023867
9392423
1092147130
1174083001
1733249171
103145442
546140565
639368677
2008668398
1246834346
399425796
115472850
1574456709
600409829
62338750
1902835161
624079803
599117073
1957308775
1334076679
2097469273
1222005806
1865465181
1759534514
1646757608
285875120
782223501
2082978020
333168746
1077246293
1991302241
1431609639
656421685
855765156
1146992933
1697009459
907661606
1492267401
76695294
527618058
716722343
716642778
1526877470
1947540287
363856035
1442437236
99734469
1199975823
974728184
1251329172
782038733
1125065891
388918202
1755483193
128198618
708074785
1406023468
126375088
124777133
1185234859
183965641
1681560254
1098394458
946225994
1103875123
717965828
141058703
2099158680
1698581844
1564932537
1588924550
1095761405
1789660810
1173273788
1017708162
2061314026
1298641578
1392696985
1633958242
2062779105
152420567
1931962345
538389775
1368343614
348744775
870560762
708639923
166879599
131777411
727306620
365443616
207623692
2017948716
454832741
1479578314
1559574785
1735499860
1423253466
1948142776
1899954070
1593707247
2021654945
468397781
1833939012
180189293
489505181
103725410
1703728153
12118373
1810032193
2105207996
290220800
805623263
225786906
196924893
444376624
1837278949
479935630
329555278
475231733
728053338
30631160
1569314487
74430555
1118855331
1234734985
1056411934
1868064989
357350983
1633694269
1921152188
1388191071
1064989289
2146266125
1011944216
1823437719
1926100543
803331323
359856972
802178452
310906898
584521535
1463237367
1795185372
1682790501
300319317
880190369
1492171247
608118663
775692968
1845975886
620467793
21607119
226112690
1377409287
244171949
2104181073
210595115
419047549
1333277530
1551073912
595248051
1355165431
53838735
777003758
254103299
1516656057
1954943756
239907992
1306816125
1343355006
1272004931
387169432
281193214
1550324298
881387435
136423039
1496965124
1721914463
726752669
1792607394
1304387195
1322517789
1100733273
1599984053
141751037
850314336
1876858014
2112834162
1761657589
822057134
1551949987
287055047
1285903767
2056672208
593017744
377617681
806187682
1122042451
1113569650
445123945
1512601114
375509812
1886455398
207309878
1038644112
1744507568
344462885
1919279530
2126682770
439494722
1391530621
1358231317
42577209
483097212
1926656424
1556088702
1126961348
33609296
83238711
981161580
2003233394
95035292
1677802923
225958104
926766032
457808133
2094867777
448335474
1801677842
1280067794
608238112
635788664
1968932023
1264993938
665010666
1329364474
208851130
1172662712
1484772065
804118315
701929634
1203685667
1049050529
551499033
504827179
2069991803
1117151621
517768426
530198138
1130453963
751931132
1912756576
2017060889
565509881
1909431992
1975352423
1798474388
1126707591
63682691
868131431
681063099
539666383
1349457800
762448633
439253182
1626935135
2137020341
236875112
1872809493
641334772
693088711
790664449
68586707
1685549757
1577978322
1806101051
459013812
883878260
1197529521
661919763
920165281
1188135720
1694096234
1337212912
1121046129
1548254972
461963705
1070606030
2057551644
341313067
519895932
1927453128
2061390948
443985985
1714260217
930858967
528289974
1272196320
1456360708
35810850
577534790
1131090
1830360454
164907103
1339775491
1240638442
1491565971
1172663166
1492402443
198862541
798171855
1691507823
783462175
1426535468
1274175568
361843492
1977365387
1270621984
766299320
733240181
1306555581
1259359292
452795812
1604650963
1269096115
890822801
1950313170
1870544029
1220386970
427492293
1530169236
1437676627
1692557592
1247060582
2054290601
1367538188
1844335522
968157456
338769673
722745914
1023069166
1969395080
457658349
1724931736
2045936099
539860129
310779528
591297592
1531794075
829058289
1108761487
1238706990
1241906912
1335904791
610292952
811746192
54639553
1351450002
2033132942
105565130
411647488
1514503829
142186112
1720168920
1454182526
2081811622
56870383
190304166
838967579
150474051
1429122638
1807068818
1691888252
734881437
973857762
1654532147
2103533273
60438750
34306219
1059005337
358232623
1419032220
1868621605
1122461507
1714192901
1946962602
1392122475
568103260
399196258
552594978
1744505618
311689235
848357612
1202452451
1797225687
1614626354
1421768186
607361933
942233740
578055202
157760986
1494071304
330121957
1409471098
88634029
1465958032
276761793
85875549
201341259
1655795988
1870072490
1885165585
4259257
718372048
525947302
553613662
1685658430
1256961786
960101763
238207183
638606673
2086569052
558101454
1950050929
1758026836
2077017226
1081835397
1810961877
550537808
1529387780
1188647517
1705933825
575625678
126940411
1036226206
1908950719
329048053
540235746
181323506
224870249
1970539870
370791056
2035218245
793514299
721375423
1611547046
1207446158
1974597003
1987032330
534175813
1411244631
1979115749
624185060
220687825
396016406
795913589
244053160
107694350
1837709676
1276713378
65143222
1792955831
718116913
532860651
782153367
904235882
1898182602
1885415629
2059265118
1222383174
1765438216
2086029360
77432598
34584504
1441174038
344002153
618207747
691719643
1403058690
1836958770
1541138118
1108082759
568743729
426140506
285521597
1283013381
722594940
633132795
281414680
977536066
1198761712
2044001077
230200080
1354696313
759307097
1326548805
130542481
1446674580
449814726
893662442
284035576
2077262198
904112507
1972102624
866193770
327049377
1308226566
1426316776
1893586418
1946762433
175365739
1024411689
910859024
1544180552
702663469
652348630
1119406475
1907877605
1620573878
450072645
933539781
487574285
2010894690
9418344
1527801377
295776060
1831081262
1542108924
244550025
2016053464
813587082
929706725
489911503
490328323
1053371122
153261586
1034583149
63895484
149576088
1369444026
1663500083
356294688
1060413380
400891207
1122315410
1406224269
1353753848
2099167018
1838718610
1053997940
2098257124
1578515681
100075529
489720302
1571780410
717009123
1241586944
253169909
861555856
1834523718
1417408447
347672558
29678819
595704829
442298689
1273163756
536188384
876787076
127600618
1394907020
123310841
163585332
599606764
1597610824
1057080527
220205658
882170225
407872687
348449185
197546926
161467020
1504358979
1436383922
1440901127
52154270
383487914
682945951
2119988889
1752070046
745495458
1122566008
1323057561
1582746689
343666634
1421590855
1921927110
1527403243
46788863
401405639
1178439446
1937576288
402649308
605947859
798212139
221077364
500547438
1007345167
1836632468
351947698
1014996448
1582693415
1595774163
253090158
1668664446
1254397749
816004844
762843366
631079772
135995471
753280689
972440958
1464627436
1535754938
827289673
1448403433
1589359686
1966641216
1418106335
1339657939
1412425625
353245437
1351259351
976345232
511767497
604315844
1286223445
987049413
28311216
1232721325
1572566666
1046711833
2047224654
721767544
1759473752
625530674
1361585853
587688939
1010705220
326984770
222376717
863936839
1049515706
1927277931
1264338616
388432047
27127049
657779379
52208097
1288158303
1293953114
2050577476
1238072076
1308325549
942440410
1904074245
2122011768
1390859047
808505334
1420113969
722224225
844976731
214560306
490019629
160118358
312233215
1401094884
1043526033
43091582
538229635
824354281
1505393970
1651608483
210152659
1572624145
2012761386
1318206958
1663040654
1224606073
470996063
406107999
754109027
2009415842
924223772
679717253
1542352778
48036909
2049961938
1630143145
219469589
1395960424
648002693
1091687314
2035890077
1347576488
1355492554
1256827702
854035622
2143486053
1531914346
702969339
1498138426
2114248354
1907662416
151376002
1555827566
1033015890
1640260882
617067235
850487282
488594142
1971762113
1585676334
190086268
1471723187
534957763
1668576399
1922075467
1873355695
1231417198
1128940647
1087432884
1398645418
677540264
1460920654
1512895627
1030422509
1002979355
1474874182
1954123200
1481208829
1046352979
