1131090
4259257
9392423
9418344
12118373
15210156
21607119
27127049
28311216
29678819
30631160
33386372
33609296
34306219
34584504
35810850
42577209
43091582
46788863
46920959
47403537
48036909
52154270
52208097
53838735
54639553
55133770
56870383
60092120
60438750
62338750
63682691
63895484
64031620
65143222
68586707
74430555
75859334
76695294
77432598
83238711
85875549
86537899
88634029
95035292
95942820
99734469
100071668
100075529
103056440
103145442
103310352
103725410
105565130
107605571
107694350
115472850
120208068
123310841
123553465
124777133
126375088
126940411
127600618
128198618
130542481
131777411
134145221
135995471
136423039
136844487
138607008
141058703
141751037
142186112
149576088
150474051
151376002
152420567
153261586
157760986
160118358
161467020
163585332
164907103
166879599
175365739
175663061
178579701
180189293
181323506
183965641
185779159
190086268
190304166
196594124
196924893
197546926
198862541
199957194
201341259
207309878
207623692
208851130
210152659
210595115
214210895
214560306
218456896
219469589
220205658
220687825
221077364
222376717
222453058
224870249
225786906
225958104
226112690
230200080
236875112
238207183
239907992
243960791
244053160
244171949
244550025
253090158
253169909
254103299
276761793
281193214
281414680
281667111
284035576
285521597
285875120
287055047
290130193
290220800
294716497
295776060
299716276
300319317
310702421
310779528
310906898
311689235
312233215
312320409
326984770
327049377
328257252
329048053
329555278
330121957
333168746
338769673
338860152
341233407
341313067
343666634
344002153
344462885
345601023
347672558
348449185
348744775
351947698
353081078
353245437
353366393
356294688
357350983
358232623
359856972
361843492
363856035
365044820
365443616
368312608
370791056
374884950
375509812
377617681
381511205
383487914
387169432
388432047
388918202
393072906
396016406
399196258
399425796
400891207
401405639
402649308
406107999
407872687
411647488
413247968
417410543
419047549
419345662
420735544
422300948
424828475
426140506
427492293
432362758
439253182
439494722
441037721
442298689
443985985
444376624
445123945
448335474
449814726
450072645
452795812
454684674
454832741
457658349
457808133
459013812
461716441
461963705
468397781
470996063
474059464
475231733
479935630
483097212
487574285
488594142
489505181
489720302
489911503
490019629
490328323
491917306
496483778
500156144
500547438
504827179
506079720
506387373
511767497
512290717
517768426
519443695
519895932
523754964
525947302
527618058
528289974
529275182
530198138
532860651
533155042
534175813
534957763
536188384
538229635
538389775
539426725
539666383
539860129
540235746
544305819
546140565
547378586
550537808
551499033
552594978
553613662
558101454
565509881
568103260
568743729
575625678
577534790
578055202
580957796
583711819
584521535
587688939
591297592
591493161
593017744
593370317
593496130
595248051
595704829
596039474
599117073
599606764
600409829
604315844
605947859
607361933
607786360
608118663
608238112
610292952
617067235
618060537
618207747
620467793
623449877
624079803
624185060
625530674
627769109
629894120
631079772
631522337
632274597
633132795
633596227
635788664
638606673
639368677
641334772
648002693
650041829
650718000
650946750
652348630
656421685
657779379
661517007
661919763
662606637
663972167
665010666
677540264
679717253
681063099
682945951
688390074
691719643
693088711
696789786
699855757
701929634
702663469
702732214
702969339
707773280
708074785
708639923
710855598
716632970
716642778
716722343
717009123
717606211
717965828
718116913
718372048
718814582
719080795
719289844
721375423
721767544
722224225
722594940
722745914
726752669
727306620
728053338
733240181
733971850
734881437
736361285
739242437
745495458
749369026
751931132
753280689
754109027
759307097
762448633
762843366
766299320
769156810
775692968
777003758
782038733
782153367
782223501
783462175
790664449
791707680
793514299
795913589
798171855
798212139
798827916
802178452
802184904
803331323
804118315
805623263
806187682
808139796
808505334
811746192
813587082
816004844
817300236
819658691
822057134
824354281
827289673
829058289
831502013
838967579
844976731
848357612
850314336
850487282
854035622
855717936
855765156
861555856
863936839
866193770
868131431
870560762
873317850
874332381
876787076
880190369
881387435
882170225
883878260
890066423
890822801
893662442
898507325
904112507
904235882
907312117
907661606
910859024
912562118
918959145
920165281
924223772
925176589
926766032
929706725
930858967
933539781
942066087
942233740
942440410
942643154
944772345
944810896
946225994
960101763
968157456
968634413
972440958
973857762
974728184
976345232
977536066
981161580
983517809
987049413
1002979355
1003707714
1007345167
1010705220
1011944216
1014996448
1016625359
1017708162
1023069166
1024411689
1029447618
1030422509
1033015890
1034583149
1036226206
1038644112
1042513181
1043526033
1046352979
1046711833
1049050529
1049515706
1053058963
1053371122
1053997940
1055180957
1056411934
1057080527
1059005337
1059660240
1059919893
1060413380
1064989289
1065148041
1067820533
1070606030
1070924560
1077246293
1078891679
1081309782
1081835397
1083866330
1087432884
1091687314
1092147130
1095761405
1098394458
1098647689
1100733273
1103875123
1108082759
1108761487
1113569650
1117151621
1118855331
1119406475
1121046129
1122042451
1122315410
1122389995
1122461507
1122566008
1125065891
1126707591
1126961348
1128940647
1130453963
1131734485
1138499892
1146992933
1170299288
1172662712
1172663166
1173273788
1174083001
1178439446
1180329432
1182132002
1185234859
1188135720
1188647517
1197529521
1197767598
1198761712
1199975823
1202452451
1202875097
1203685667
1207446158
1209807276
1220386970
1222005806
1222383174
1224606073
1231417198
1232350634
1232721325
1234734985
1236683196
1238072076
1238706990
1240638442
1241586944
1241906912
1246834346
1247060582
1249663231
1251329172
1254397749
1254740764
1256827702
1256961786
1259359292
1264338616
1264993938
1269096115
1270621984
1272004931
1272196320
1273163756
1274175568
1276713378
1277567329
1280067794
1282771054
1283013381
1285903767
1286223445
1288158303
1293953114
1298641578
1304387195
1306555581
1306816125
1308226566
1308325549
1316812494
1318206958
1322517789
1323057561
1326548805
1327592982
1328533959
1329364474
1333277530
1334076679
1335904791
1337212912
1339657939
1339775491
1343355006
1345635292
1347576488
1349256214
1349457800
1351259351
1351450002
1353753848
1354379848
1354696313
1355165431
1355492554
1358231317
1361585853
1362034414
1367538188
1368343614
1369444026
1377409287
1378241462
1388191071
1390859047
1391530621
1392122475
1392696985
1394907020
1395960424
1398645418
1401094884
1403058690
1406023468
1406224269
1409471098
1411244631
1412425625
1412953178
1417408447
1418018274
1418106335
1418698061
1419032220
1420113969
1421590855
1421768186
1423253466
1426316776
1426535468
1428888251
1429122638
1430275061
1431609639
1435015610
1436383922
1437676627
1440901127
1441174038
1442437236
1442843890
1446674580
1448403433
1454182526
1456360708
1460920654
1462374368
1463237367
1464627436
1465958032
1471723187
1474874182
1479578314
1481208829
1482298517
1484020957
1484772065
1490316285
1491565971
1492171247
1492267401
1492402443
1494071304
1496965124
1498138426
1503088153
1504358979
1505393970
1510023867
1512601114
1512895627
1514434377
1514503829
1516656057
1521165299
1526877470
1527403243
1527801377
1529387780
1530169236
1531794075
1531914346
1532595797
1535754938
1541138118
1542108924
1542352778
1544180552
1548254972
1550324298
1551073912
1551949987
1552447810
1554911050
1555498349
1555827566
1556088702
1559574785
1564932537
1566885160
1567662243
1569314487
1571780410
1572566666
1572624145
1574456709
1577978322
1578515681
1582693415
1582746689
1585114456
1585676334
1587739506
1588924550
1589359686
1593707247
1595774163
1597610824
1599984053
1604650963
1611547046
1614626354
1616493088
1620573878
1626935135
1627865363
1630143145
1630695476
1633127388
1633694269
1633958242
1637758136
1640260882
1644027034
1646611920
1646757608
1651608483
1654532147
1655795988
1661327043
1663040654
1663500083
1668576399
1668664446
1669360025
1677802923
1681560254
1682790501
1683578777
1684202725
1685549757
1685658430
1691507823
1691888252
1692557592
1694096234
1695710108
1697009459
1697018110
1698581844
1700439896
1702370696
1703728153
1705933825
1714192901
1714260217
1716516446
1718967744
1720168920
1720612073
1721339217
1721914463
1724931736
1726535249
1727038364
1728017332
1733249171
1735499860
1737405099
1744505618
1744507568
1752070046
1755483193
1758026836
1759473752
1759534514
1761657589
1765438216
1771709910
1783695905
1784813970
1786122084
1789660810
1792607394
1792955831
1795185372
1796011382
1797225687
1797855494
1798474388
1801113974
1801677842
1806101051
1807068818
1807745845
1810032193
1810961877
1818729238
1820136140
1821214693
1823437719
1827448022
1830360454
1831081262
1833939012
1834523718
1836632468
1836958770
1837278949
1837709676
1838718610
1844335522
1845975886
1846935512
1848489356
1848604323
1852846862
1856536697
1865465181
1868064989
1868383644
1868621605
1870072490
1870544029
1872809493
1873355695
1876858014
1882930783
1885165585
1885415629
1886455398
1893586418
1898182602
1898240490
1899954070
1902835161
1904074245
1904758297
1907662416
1907877605
1908950719
1909431992
1912535031
1912756576
1919279530
1921152188
1921927110
1922075467
1926100543
1926656424
1927277931
1927453128
1931962345
1937576288
1942316712
1946762433
1946962602
1947540287
1948142776
1949861352
1950050929
1950313170
1954123200
1954943756
1957308775
1966641216
1968932023
1969395080
1970539870
1971762113
1972102624
1974597003
1975352423
1975400242
1977365387
1979115749
1980506815
1987032330
1989604639
1991302241
2003233394
2007100359
2008344798
2008668398
2009415842
2010894690
2012761386
2015047360
2016053464
2016135650
2017060889
2017948716
2021654945
2022359216
2033132942
2035218245
2035890077
2043507779
2044001077
2045936099
2047224654
2048695427
2049961938
2050577476
2054290601
2055278525
2056672208
2057551644
2059265118
2060856719
2061314026
2061390948
2062168790
2062779105
2066001460
2069991803
2077017226
2077262198
2081811622
2082978020
2086029360
2086569052
2093883253
2094867777
2094993908
2096586222
2097469273
2098257124
2099158680
2099167018
2103533273
2104181073
2105207996
2112834162
2114248354
2119434801
2119988889
2121817999
2122011768
2122770006
2126682770
2132264198
2137020341
2137790719
2142296969
2143486053
2146266125
2147000026
